density-peakPrecision: 0.484127
Recall: 0.802632
F1: 0.603960



